volt/V			curr/A			totaltime/us
-0.536313974425489	-58.59553819391461	0
-0.5500656147953734	-56.76442762535478	1023
-0.577568895535142	-56.76442762535478	2046
-0.577568895535142	-58.59553819391461	3069
-0.5638172551652577	-58.59553819391461	4093
-0.5500656147953734	-58.59553819391461	5116
-0.536313974425489	-58.59553819391461	6139
-0.5088106936857203	-56.76442762535478	7163
-0.4675557725760674	-56.76442762535478	8186
-0.4263008514664144	-58.59553819391461	9209
-0.4263008514664144	-56.76442762535478	10233
-0.3987975707266457	-58.59553819391461	11256
-0.3987975707266457	-58.59553819391461	12279
-0.3850459303567614	-58.59553819391461	13303
-0.3987975707266457	-56.76442762535478	14326
-0.4263008514664144	-56.76442762535478	15349
-0.45380413220618304	-58.59553819391461	16373
-0.48130741294595175	-58.59553819391461	17396
-0.5225623340556048	-58.59553819391461	18419
-0.536313974425489	-58.59553819391461	19443
-0.5638172551652577	-58.59553819391461	20466
-0.577568895535142	-58.59553819391461	21489
-0.5913205359050264	-56.76442762535478	22513
-0.577568895535142	-56.76442762535478	23536
-0.5638172551652577	-56.76442762535478	24559
-0.536313974425489	-56.76442762535478	25583
-0.5088106936857203	-58.59553819391461	26606
-0.4675557725760674	-58.59553819391461	27629
-0.4400524918362987	-56.76442762535478	28653
-0.4263008514664144	-56.76442762535478	29676
-0.41254921109653003	-56.76442762535478	30699
-0.3987975707266457	-56.76442762535478	31723
-0.3850459303567614	-56.76442762535478	32746
-0.3987975707266457	-58.59553819391461	33769
-0.4263008514664144	-58.59553819391461	34793
-0.45380413220618304	-58.59553819391461	35816
-0.48130741294595175	-56.76442762535478	36839
-0.5088106936857203	-58.59553819391461	37863
-0.536313974425489	-56.76442762535478	38886
-0.5500656147953734	-56.76442762535478	39909
-0.5638172551652577	-56.76442762535478	40933
-0.577568895535142	-56.76442762535478	41956
-0.5913205359050264	-58.59553819391461	42979
-0.577568895535142	-58.59553819391461	44003
-0.5500656147953734	-56.76442762535478	45026
-0.5088106936857203	-56.76442762535478	46049
-0.48130741294595175	-56.76442762535478	47073
-0.4400524918362987	-56.76442762535478	48096
-0.4263008514664144	-56.76442762535478	49119
-0.41254921109653003	-58.59553819391461	50143
-0.3987975707266457	-58.59553819391461	51166
-0.3850459303567614	-58.59553819391461	52189
-0.3987975707266457	-58.59553819391461	53213
-0.41254921109653003	-56.76442762535478	54236
-0.4263008514664144	-56.76442762535478	55259
-0.4675557725760674	-58.59553819391461	56283
-0.4950590533158361	-56.76442762535478	57306
-0.5225623340556048	-56.76442762535478	58329
-0.536313974425489	-58.59553819391461	59353
-0.5638172551652577	-56.76442762535478	60376
-0.577568895535142	-56.76442762535478	61399
-0.577568895535142	-56.76442762535478	62423
-0.5638172551652577	-56.76442762535478	63446
-0.5500656147953734	-56.76442762535478	64469
-0.5225623340556048	-56.76442762535478	65493
-0.4950590533158361	-56.76442762535478	66516
-0.45380413220618304	-58.59553819391461	67539
-0.4400524918362987	-58.59553819391461	68563
-0.4263008514664144	-56.76442762535478	69586
-0.3987975707266457	-56.76442762535478	70609
-0.3850459303567614	-56.76442762535478	71633
-0.3850459303567614	-58.59553819391461	72656
-0.41254921109653003	-58.59553819391461	73679
-0.4263008514664144	-58.59553819391461	74703
-0.45380413220618304	-56.76442762535478	75726
-0.4950590533158361	-56.76442762535478	76749
-0.536313974425489	-58.59553819391461	77773
-0.5500656147953734	-58.59553819391461	78796
-0.5500656147953734	-58.59553819391461	79819
-0.577568895535142	-56.76442762535478	80843
-0.577568895535142	-58.59553819391461	81866
-0.577568895535142	-58.59553819391461	82889
-0.5500656147953734	-56.76442762535478	83913
-0.5225623340556048	-56.76442762535478	84936
-0.4950590533158361	-56.76442762535478	85959
-0.4675557725760674	-56.76442762535478	86983
-0.4263008514664144	-56.76442762535478	88006
-0.4263008514664144	-58.59553819391461	89029
-0.3987975707266457	-58.59553819391461	90053
-0.3850459303567614	-56.76442762535478	91076
-0.3850459303567614	-56.76442762535478	92099
-0.3987975707266457	-56.76442762535478	93123
-0.4263008514664144	-56.76442762535478	94146
-0.4675557725760674	-56.76442762535478	95169
-0.48130741294595175	-56.76442762535478	96193
-0.5225623340556048	-56.76442762535478	97216
-0.5500656147953734	-56.76442762535478	98239
-0.5638172551652577	-58.59553819391461	99263
-0.577568895535142	-58.59553819391461	100286
-0.5913205359050264	-56.76442762535478	101309
-0.577568895535142	-58.59553819391461	102333
-0.5638172551652577	-56.76442762535478	103356
-0.536313974425489	-58.59553819391461	104379
-0.5088106936857203	-58.59553819391461	105403
-0.48130741294595175	-58.59553819391461	106426
-0.4400524918362987	-58.59553819391461	107449
-0.4263008514664144	-58.59553819391461	108473
-0.41254921109653003	-58.59553819391461	109496
-0.3850459303567614	-58.59553819391461	110519
-0.3987975707266457	-58.59553819391461	111543
-0.41254921109653003	-56.76442762535478	112566
-0.4263008514664144	-58.59553819391461	113589
-0.45380413220618304	-58.59553819391461	114613
-0.48130741294595175	-58.59553819391461	115636
-0.5088106936857203	-56.76442762535478	116659
-0.536313974425489	-56.76442762535478	117683
-0.5500656147953734	-58.59553819391461	118706
-0.577568895535142	-58.59553819391461	119729
-0.577568895535142	-58.59553819391461	120753
-0.577568895535142	-58.59553819391461	121776
-0.5638172551652577	-58.59553819391461	122799
-0.5500656147953734	-56.76442762535478	123823
-0.5225623340556048	-58.59553819391461	124846
-0.4950590533158361	-58.59553819391461	125869
-0.45380413220618304	-56.76442762535478	126893
-0.4263008514664144	-58.59553819391461	127916
-0.41254921109653003	-56.76442762535478	128939
-0.3987975707266457	-56.76442762535478	129963
-0.3850459303567614	-56.76442762535478	130986
-0.3987975707266457	-58.59553819391461	132009
-0.41254921109653003	-58.59553819391461	133033
-0.4400524918362987	-58.59553819391461	134056
-0.48130741294595175	-58.59553819391461	135079
-0.5088106936857203	-56.76442762535478	136103
-0.5500656147953734	-58.59553819391461	137126
-0.5500656147953734	-58.59553819391461	138149
-0.5638172551652577	-58.59553819391461	139173
-0.577568895535142	-58.59553819391461	140196
-0.5913205359050264	-58.59553819391461	141219
-0.577568895535142	-58.59553819391461	142243
-0.5500656147953734	-58.59553819391461	143266
-0.5225623340556048	-56.76442762535478	144289
-0.4950590533158361	-58.59553819391461	145313
-0.45380413220618304	-56.76442762535478	146336
-0.4263008514664144	-58.59553819391461	147359
-0.41254921109653003	-58.59553819391461	148383
-0.3987975707266457	-58.59553819391461	149406
-0.3987975707266457	-58.59553819391461	150429
-0.3987975707266457	-58.59553819391461	151453
-0.41254921109653003	-56.76442762535478	152476
-0.45380413220618304	-56.76442762535478	153499
-0.4675557725760674	-58.59553819391461	154523
-0.5088106936857203	-56.76442762535478	155546
-0.536313974425489	-56.76442762535478	156569
-0.5500656147953734	-58.59553819391461	157593
-0.5638172551652577	-58.59553819391461	158616
-0.577568895535142	-58.59553819391461	159639
-0.5913205359050264	-58.59553819391461	160663
-0.577568895535142	-58.59553819391461	161686
-0.5638172551652577	-58.59553819391461	162709
-0.536313974425489	-58.59553819391461	163733
-0.4950590533158361	-56.76442762535478	164756
-0.48130741294595175	-56.76442762535478	165779
-0.4400524918362987	-56.76442762535478	166803
-0.4263008514664144	-58.59553819391461	167826
-0.3987975707266457	-58.59553819391461	168849
-0.3850459303567614	-56.76442762535478	169873
-0.3987975707266457	-56.76442762535478	170896
-0.41254921109653003	-58.59553819391461	171919
-0.4263008514664144	-58.59553819391461	172943
-0.45380413220618304	-56.76442762535478	173966
-0.48130741294595175	-58.59553819391461	174989
-0.5225623340556048	-56.76442762535478	176013
-0.5500656147953734	-56.76442762535478	177036
-0.5638172551652577	-58.59553819391461	178059
-0.5913205359050264	-58.59553819391461	179083
-0.6050721762749107	-58.59553819391461	180106
-0.5913205359050264	-56.76442762535478	181129
-0.5638172551652577	-56.76442762535478	182153
-0.536313974425489	-58.59553819391461	183176
-0.5088106936857203	-56.76442762535478	184199
-0.48130741294595175	-58.59553819391461	185223
-0.4400524918362987	-56.76442762535478	186246
-0.4263008514664144	-58.59553819391461	187269
-0.3987975707266457	-56.76442762535478	188293
-0.3850459303567614	-56.76442762535478	189316
-0.3987975707266457	-56.76442762535478	190339
-0.3987975707266457	-56.76442762535478	191363
-0.41254921109653003	-58.59553819391461	192386
-0.45380413220618304	-58.59553819391461	193409
-0.48130741294595175	-56.76442762535478	194433
-0.5225623340556048	-56.76442762535478	195456
-0.5500656147953734	-56.76442762535478	196479
-0.5638172551652577	-56.76442762535478	197503
-0.5638172551652577	-56.76442762535478	198526
-0.577568895535142	-56.76442762535478	199549
-0.577568895535142	-56.76442762535478	200573
-0.5638172551652577	-56.76442762535478	201596
-0.5500656147953734	-56.76442762535478	202619
-0.5225623340556048	-56.76442762535478	203643
-0.48130741294595175	-58.59553819391461	204666
-0.4400524918362987	-58.59553819391461	205689
-0.4263008514664144	-58.59553819391461	206713
-0.41254921109653003	-58.59553819391461	207736
-0.3987975707266457	-58.59553819391461	208759
-0.3850459303567614	-58.59553819391461	209783
-0.3987975707266457	-56.76442762535478	210806
-0.41254921109653003	-56.76442762535478	211829
-0.4400524918362987	-58.59553819391461	212853
-0.4675557725760674	-58.59553819391461	213876
-0.5088106936857203	-56.76442762535478	214899
-0.5500656147953734	-56.76442762535478	215923
-0.5500656147953734	-58.59553819391461	216946
-0.5638172551652577	-58.59553819391461	217969
-0.577568895535142	-56.76442762535478	218993
-0.577568895535142	-56.76442762535478	220016
-0.577568895535142	-56.76442762535478	221039
-0.5500656147953734	-56.76442762535478	222063
-0.5225623340556048	-56.76442762535478	223086
-0.4950590533158361	-56.76442762535478	224109
-0.4400524918362987	-56.76442762535478	225133
-0.4263008514664144	-56.76442762535478	226156
-0.4263008514664144	-56.76442762535478	227179
-0.41254921109653003	-56.76442762535478	228203
-0.3850459303567614	-56.76442762535478	229226
-0.3987975707266457	-56.76442762535478	230249
-0.41254921109653003	-58.59553819391461	231273
-0.4400524918362987	-58.59553819391461	232296
-0.4675557725760674	-58.59553819391461	233319
-0.4950590533158361	-58.59553819391461	234343
-0.536313974425489	-58.59553819391461	235366
-0.5500656147953734	-56.76442762535478	236389
-0.5638172551652577	-58.59553819391461	237413
-0.5913205359050264	-60.426648762474436	238436
-0.5913205359050264	-58.59553819391461	239459
-0.577568895535142	-58.59553819391461	240483
-0.5638172551652577	-56.76442762535478	241506
-0.5225623340556048	-56.76442762535478	242529
-0.5088106936857203	-56.76442762535478	243553
-0.4675557725760674	-56.76442762535478	244576
-0.4400524918362987	-56.76442762535478	245599
-0.4263008514664144	-56.76442762535478	246623
-0.3987975707266457	-58.59553819391461	247646
-0.3850459303567614	-56.76442762535478	248669
-0.3987975707266457	-56.76442762535478	249693
-0.41254921109653003	-58.59553819391461	250716
-0.4263008514664144	-56.76442762535478	251739
-0.45380413220618304	-58.59553819391461	252763
-0.4950590533158361	-56.76442762535478	253786
-0.536313974425489	-58.59553819391461	254809
-0.5500656147953734	-56.76442762535478	255833
-0.5638172551652577	-56.76442762535478	256856
-0.577568895535142	-58.59553819391461	257879
-0.5913205359050264	-58.59553819391461	258903
-0.577568895535142	-56.76442762535478	259926
-0.5638172551652577	-56.76442762535478	260949
-0.536313974425489	-56.76442762535478	261973
-0.5088106936857203	-58.59553819391461	262996
-0.48130741294595175	-58.59553819391461	264019
-0.4400524918362987	-58.59553819391461	265043
-0.4263008514664144	-58.59553819391461	266066
-0.41254921109653003	-58.59553819391461	267089
-0.3850459303567614	-58.59553819391461	268113
-0.3850459303567614	-56.76442762535478	269136
-0.3987975707266457	-56.76442762535478	270159
-0.4263008514664144	-56.76442762535478	271183
-0.45380413220618304	-56.76442762535478	272206
-0.4675557725760674	-56.76442762535478	273229
-0.5088106936857203	-56.76442762535478	274253
-0.536313974425489	-58.59553819391461	275276
-0.5500656147953734	-58.59553819391461	276299
-0.577568895535142	-58.59553819391461	277323
-0.5913205359050264	-56.76442762535478	278346
-0.577568895535142	-56.76442762535478	279369
-0.5638172551652577	-58.59553819391461	280393
-0.536313974425489	-58.59553819391461	281416
-0.5088106936857203	-56.76442762535478	282439
-0.48130741294595175	-56.76442762535478	283463
-0.4400524918362987	-56.76442762535478	284486
-0.4263008514664144	-56.76442762535478	285509
-0.41254921109653003	-56.76442762535478	286533
-0.3850459303567614	-58.59553819391461	287556
-0.3850459303567614	-56.76442762535478	288579
-0.3987975707266457	-58.59553819391461	289603
-0.41254921109653003	-56.76442762535478	290626
-0.45380413220618304	-58.59553819391461	291649
-0.4675557725760674	-56.76442762535478	292673
-0.4950590533158361	-54.93331705679494	293696
-0.536313974425489	-56.76442762535478	294719
-0.5500656147953734	-56.76442762535478	295743
-0.5638172551652577	-56.76442762535478	296766
-0.577568895535142	-56.76442762535478	297789
-0.577568895535142	-58.59553819391461	298813
-0.5638172551652577	-58.59553819391461	299836
-0.5500656147953734	-56.76442762535478	300859
-0.5088106936857203	-58.59553819391461	301883
-0.4950590533158361	-56.76442762535478	302906
-0.45380413220618304	-58.59553819391461	303929
-0.4263008514664144	-58.59553819391461	304953
-0.41254921109653003	-58.59553819391461	305976
-0.3987975707266457	-56.76442762535478	306999
-0.3850459303567614	-56.76442762535478	308023
-0.3850459303567614	-56.76442762535478	309046
-0.41254921109653003	-58.59553819391461	310069
-0.4400524918362987	-58.59553819391461	311093
-0.4675557725760674	-58.59553819391461	312116
-0.4950590533158361	-56.76442762535478	313139
-0.536313974425489	-58.59553819391461	314163
-0.536313974425489	-56.76442762535478	315186
-0.5638172551652577	-56.76442762535478	316209
-0.577568895535142	-56.76442762535478	317233
-0.577568895535142	-56.76442762535478	318256
-0.577568895535142	-56.76442762535478	319279
-0.5500656147953734	-58.59553819391461	320303
-0.5225623340556048	-58.59553819391461	321326
-0.5088106936857203	-58.59553819391461	322349
-0.45380413220618304	-58.59553819391461	323373
-0.4263008514664144	-58.59553819391461	324396
-0.41254921109653003	-56.76442762535478	325419
-0.3987975707266457	-56.76442762535478	326443
-0.3850459303567614	-58.59553819391461	327466
-0.3987975707266457	-56.76442762535478	328489
-0.41254921109653003	-56.76442762535478	329513
-0.4400524918362987	-58.59553819391461	330536
-0.4675557725760674	-58.59553819391461	331559
-0.4950590533158361	-56.76442762535478	332583
-0.536313974425489	-56.76442762535478	333606
-0.5500656147953734	-58.59553819391461	334629
-0.5638172551652577	-58.59553819391461	335653
-0.577568895535142	-56.76442762535478	336676
-0.5913205359050264	-58.59553819391461	337699
-0.577568895535142	-58.59553819391461	338723
-0.5638172551652577	-58.59553819391461	339746
-0.5225623340556048	-56.76442762535478	340769
-0.5088106936857203	-56.76442762535478	341793
-0.4675557725760674	-56.76442762535478	342816
-0.4263008514664144	-56.76442762535478	343839
-0.4263008514664144	-58.59553819391461	344863
-0.41254921109653003	-58.59553819391461	345886
-0.3850459303567614	-58.59553819391461	346909
-0.3850459303567614	-58.59553819391461	347933
-0.41254921109653003	-58.59553819391461	348956
-0.4263008514664144	-58.59553819391461	349979
-0.45380413220618304	-58.59553819391461	351003
-0.48130741294595175	-56.76442762535478	352026
-0.5225623340556048	-56.76442762535478	353049
-0.5500656147953734	-56.76442762535478	354073
-0.5500656147953734	-56.76442762535478	355096
-0.577568895535142	-58.59553819391461	356119
-0.5913205359050264	-56.76442762535478	357143
-0.577568895535142	-56.76442762535478	358166
-0.5638172551652577	-56.76442762535478	359189
-0.536313974425489	-56.76442762535478	360213
-0.5088106936857203	-58.59553819391461	361236
-0.48130741294595175	-58.59553819391461	362259
-0.4400524918362987	-56.76442762535478	363283
-0.4263008514664144	-56.76442762535478	364306
-0.41254921109653003	-56.76442762535478	365329
-0.3987975707266457	-56.76442762535478	366353
-0.3850459303567614	-56.76442762535478	367376
-0.3987975707266457	-56.76442762535478	368399
-0.4263008514664144	-58.59553819391461	369423
-0.45380413220618304	-58.59553819391461	370446
-0.48130741294595175	-58.59553819391461	371469
-0.5088106936857203	-56.76442762535478	372493
-0.5500656147953734	-56.76442762535478	373516
-0.5638172551652577	-56.76442762535478	374539
-0.577568895535142	-58.59553819391461	375563
-0.5913205359050264	-58.59553819391461	376586
-0.577568895535142	-56.76442762535478	377609
-0.577568895535142	-56.76442762535478	378633
-0.5500656147953734	-56.76442762535478	379656
-0.5088106936857203	-56.76442762535478	380679
-0.48130741294595175	-56.76442762535478	381703
-0.45380413220618304	-58.59553819391461	382726
-0.4400524918362987	-56.76442762535478	383749
-0.4263008514664144	-56.76442762535478	384773
-0.3987975707266457	-56.76442762535478	385796
-0.3850459303567614	-58.59553819391461	386819
-0.3850459303567614	-56.76442762535478	387843
-0.3987975707266457	-58.59553819391461	388866
-0.4400524918362987	-58.59553819391461	389889
-0.4675557725760674	-58.59553819391461	390913
-0.5088106936857203	-58.59553819391461	391936
-0.536313974425489	-56.76442762535478	392959
-0.5500656147953734	-56.76442762535478	393983
-0.5638172551652577	-56.76442762535478	395006
-0.5913205359050264	-56.76442762535478	396029
-0.5913205359050264	-58.59553819391461	397053
-0.577568895535142	-58.59553819391461	398076
-0.5500656147953734	-58.59553819391461	399099
-0.5225623340556048	-58.59553819391461	400123
-0.4950590533158361	-56.76442762535478	401146
-0.45380413220618304	-56.76442762535478	402169
-0.4263008514664144	-58.59553819391461	403193
-0.41254921109653003	-56.76442762535478	404216
-0.3987975707266457	-58.59553819391461	405239
-0.3850459303567614	-58.59553819391461	406263
-0.3987975707266457	-58.59553819391461	407286
-0.41254921109653003	-58.59553819391461	408309
-0.4400524918362987	-58.59553819391461	409333
-0.4675557725760674	-58.59553819391461	410356
-0.5088106936857203	-56.76442762535478	411379
-0.536313974425489	-56.76442762535478	412403
-0.536313974425489	-58.59553819391461	413426
-0.5500656147953734	-58.59553819391461	414449
-0.577568895535142	-58.59553819391461	415473
-0.5913205359050264	-58.59553819391461	416496
-0.577568895535142	-56.76442762535478	417519
-0.5638172551652577	-58.59553819391461	418543
-0.536313974425489	-56.76442762535478	419566
-0.4950590533158361	-56.76442762535478	420589
-0.4675557725760674	-58.59553819391461	421613
-0.4400524918362987	-58.59553819391461	422636
-0.4263008514664144	-58.59553819391461	423659
-0.3987975707266457	-58.59553819391461	424683
-0.3987975707266457	-58.59553819391461	425706
-0.3987975707266457	-56.76442762535478	426729
-0.41254921109653003	-58.59553819391461	427753
-0.4263008514664144	-58.59553819391461	428776
-0.45380413220618304	-58.59553819391461	429799
-0.48130741294595175	-58.59553819391461	430823
-0.5225623340556048	-56.76442762535478	431846
-0.5500656147953734	-58.59553819391461	432869
-0.5638172551652577	-58.59553819391461	433893
-0.577568895535142	-56.76442762535478	434916
-0.5913205359050264	-56.76442762535478	435939
-0.577568895535142	-56.76442762535478	436963
-0.5638172551652577	-56.76442762535478	437986
-0.536313974425489	-56.76442762535478	439009
-0.5088106936857203	-58.59553819391461	440033
-0.48130741294595175	-58.59553819391461	441056
-0.4400524918362987	-56.76442762535478	442079
-0.4263008514664144	-58.59553819391461	443103
-0.41254921109653003	-56.76442762535478	444126
-0.3987975707266457	-58.59553819391461	445149
-0.3987975707266457	-58.59553819391461	446173
-0.3987975707266457	-58.59553819391461	447196
-0.41254921109653003	-58.59553819391461	448219
-0.45380413220618304	-58.59553819391461	449243
-0.4675557725760674	-56.76442762535478	450266
-0.5088106936857203	-58.59553819391461	451289
-0.5500656147953734	-58.59553819391461	452313
-0.5500656147953734	-58.59553819391461	453336
-0.5638172551652577	-56.76442762535478	454359
-0.577568895535142	-56.76442762535478	455383
-0.577568895535142	-56.76442762535478	456406
-0.5638172551652577	-56.76442762535478	457429
-0.5500656147953734	-56.76442762535478	458453
-0.5088106936857203	-56.76442762535478	459476
-0.4950590533158361	-56.76442762535478	460499
-0.4400524918362987	-56.76442762535478	461523
-0.4263008514664144	-56.76442762535478	462546
-0.41254921109653003	-56.76442762535478	463569
-0.3987975707266457	-58.59553819391461	464593
-0.3850459303567614	-56.76442762535478	465616
-0.3987975707266457	-58.59553819391461	466639
-0.41254921109653003	-56.76442762535478	467663
-0.4400524918362987	-56.76442762535478	468686
-0.4675557725760674	-56.76442762535478	469709
-0.5088106936857203	-56.76442762535478	470733
-0.536313974425489	-56.76442762535478	471756
-0.5500656147953734	-56.76442762535478	472779
-0.577568895535142	-56.76442762535478	473803
-0.5913205359050264	-58.59553819391461	474826
-0.5913205359050264	-58.59553819391461	475849
-0.577568895535142	-58.59553819391461	476873
-0.5500656147953734	-58.59553819391461	477896
-0.5225623340556048	-56.76442762535478	478919
-0.4950590533158361	-56.76442762535478	479943
-0.45380413220618304	-56.76442762535478	480966
-0.4400524918362987	-56.76442762535478	481989
-0.4263008514664144	-58.59553819391461	483013
-0.3987975707266457	-56.76442762535478	484036
-0.3850459303567614	-58.59553819391461	485059
-0.3987975707266457	-58.59553819391461	486083
-0.3987975707266457	-58.59553819391461	487106
-0.4263008514664144	-58.59553819391461	488129
-0.4675557725760674	-56.76442762535478	489153
-0.48130741294595175	-56.76442762535478	490176
-0.536313974425489	-56.76442762535478	491199
-0.5500656147953734	-56.76442762535478	492223
-0.5638172551652577	-56.76442762535478	493246
-0.577568895535142	-56.76442762535478	494269
-0.577568895535142	-56.76442762535478	495293
-0.577568895535142	-56.76442762535478	496316
-0.5638172551652577	-56.76442762535478	497339
-0.5225623340556048	-56.76442762535478	498363
-0.5088106936857203	-56.76442762535478	499386
-0.4675557725760674	-56.76442762535478	500409
-0.4263008514664144	-56.76442762535478	501433
-0.4263008514664144	-56.76442762535478	502456
-0.41254921109653003	-58.59553819391461	503479
-0.3850459303567614	-58.59553819391461	504503
-0.3987975707266457	-56.76442762535478	505526
-0.3987975707266457	-58.59553819391461	506549
-0.41254921109653003	-58.59553819391461	507573
-0.45380413220618304	-58.59553819391461	508596
-0.48130741294595175	-58.59553819391461	509619
-0.5225623340556048	-58.59553819391461	510643
-0.5500656147953734	-58.59553819391461	511666
-0.5638172551652577	-58.59553819391461	512689
-0.577568895535142	-58.59553819391461	513713
-0.5913205359050264	-58.59553819391461	514736
-0.577568895535142	-58.59553819391461	515759
-0.5638172551652577	-56.76442762535478	516783
-0.536313974425489	-56.76442762535478	517806
-0.5088106936857203	-56.76442762535478	518829
-0.4675557725760674	-56.76442762535478	519853
-0.4263008514664144	-58.59553819391461	520876
-0.41254921109653003	-58.59553819391461	521899
-0.3987975707266457	-58.59553819391461	522923
-0.3850459303567614	-56.76442762535478	523946
-0.3850459303567614	-56.76442762535478	524969
-0.3987975707266457	-56.76442762535478	525993
-0.41254921109653003	-58.59553819391461	527016
-0.45380413220618304	-56.76442762535478	528039
-0.48130741294595175	-56.76442762535478	529063
-0.5088106936857203	-56.76442762535478	530086
-0.5500656147953734	-56.76442762535478	531109
-0.5638172551652577	-56.76442762535478	532133
-0.577568895535142	-56.76442762535478	533156
-0.5913205359050264	-58.59553819391461	534179
-0.577568895535142	-58.59553819391461	535203
-0.5638172551652577	-58.59553819391461	536226
-0.536313974425489	-58.59553819391461	537249
-0.5088106936857203	-58.59553819391461	538273
-0.48130741294595175	-58.59553819391461	539296
-0.4400524918362987	-58.59553819391461	540319
-0.4263008514664144	-56.76442762535478	541343
-0.3987975707266457	-56.76442762535478	542366
-0.3987975707266457	-56.76442762535478	543389
-0.3850459303567614	-58.59553819391461	544413
-0.3987975707266457	-58.59553819391461	545436
-0.41254921109653003	-58.59553819391461	546459
-0.45380413220618304	-58.59553819391461	547483
-0.48130741294595175	-56.76442762535478	548506
-0.5088106936857203	-58.59553819391461	549529
-0.536313974425489	-56.76442762535478	550553
-0.5500656147953734	-56.76442762535478	551576
-0.5638172551652577	-56.76442762535478	552599
-0.577568895535142	-58.59553819391461	553623
-0.577568895535142	-56.76442762535478	554646
-0.577568895535142	-58.59553819391461	555669
-0.5500656147953734	-58.59553819391461	556693
-0.5088106936857203	-56.76442762535478	557716
-0.4950590533158361	-56.76442762535478	558739
-0.45380413220618304	-56.76442762535478	559763
-0.4263008514664144	-56.76442762535478	560786
-0.4263008514664144	-56.76442762535478	561809
-0.3987975707266457	-56.76442762535478	562833
-0.3987975707266457	-56.76442762535478	563856
-0.3987975707266457	-56.76442762535478	564879
-0.3987975707266457	-56.76442762535478	565903
-0.4400524918362987	-58.59553819391461	566926
-0.4675557725760674	-58.59553819391461	567949
-0.4950590533158361	-58.59553819391461	568973
-0.536313974425489	-56.76442762535478	569996
-0.5500656147953734	-56.76442762535478	571019
-0.5638172551652577	-56.76442762535478	572043
-0.577568895535142	-58.59553819391461	573066
-0.577568895535142	-56.76442762535478	574089
-0.577568895535142	-56.76442762535478	575113
-0.5638172551652577	-56.76442762535478	576136
-0.5225623340556048	-58.59553819391461	577159
-0.4950590533158361	-58.59553819391461	578183
-0.4675557725760674	-58.59553819391461	579206
-0.4263008514664144	-58.59553819391461	580229
-0.4263008514664144	-58.59553819391461	581253
-0.3987975707266457	-58.59553819391461	582276
-0.3850459303567614	-58.59553819391461	583299
-0.3850459303567614	-58.59553819391461	584323
-0.3987975707266457	-58.59553819391461	585346
-0.4263008514664144	-56.76442762535478	586369
-0.4675557725760674	-56.76442762535478	587393
-0.4950590533158361	-58.59553819391461	588416
-0.5225623340556048	-58.59553819391461	589439
-0.5500656147953734	-56.76442762535478	590463
-0.5638172551652577	-56.76442762535478	591486
-0.577568895535142	-56.76442762535478	592509
-0.5913205359050264	-58.59553819391461	593533
-0.577568895535142	-58.59553819391461	594556
-0.5638172551652577	-58.59553819391461	595579
-0.536313974425489	-58.59553819391461	596603
-0.5088106936857203	-56.76442762535478	597626
-0.4675557725760674	-56.76442762535478	598649
-0.4400524918362987	-58.59553819391461	599673
-0.4263008514664144	-58.59553819391461	600696
-0.3987975707266457	-58.59553819391461	601719
-0.3850459303567614	-56.76442762535478	602743
-0.3850459303567614	-56.76442762535478	603766
-0.3987975707266457	-56.76442762535478	604789
-0.4263008514664144	-56.76442762535478	605813
-0.4675557725760674	-56.76442762535478	606836
-0.48130741294595175	-56.76442762535478	607859
-0.5225623340556048	-58.59553819391461	608883
-0.5500656147953734	-56.76442762535478	609906
-0.5500656147953734	-56.76442762535478	610929
-0.577568895535142	-56.76442762535478	611953
-0.5913205359050264	-56.76442762535478	612976
-0.577568895535142	-56.76442762535478	613999
-0.5638172551652577	-56.76442762535478	615023
-0.536313974425489	-58.59553819391461	616046
-0.5225623340556048	-56.76442762535478	617069
-0.48130741294595175	-58.59553819391461	618093
-0.4400524918362987	-58.59553819391461	619116
-0.4263008514664144	-58.59553819391461	620139
-0.41254921109653003	-58.59553819391461	621163
-0.3987975707266457	-58.59553819391461	622186
-0.3850459303567614	-58.59553819391461	623209
-0.3987975707266457	-58.59553819391461	624233
-0.41254921109653003	-58.59553819391461	625256
-0.4400524918362987	-58.59553819391461	626279
-0.48130741294595175	-58.59553819391461	627303
-0.5088106936857203	-58.59553819391461	628326
-0.536313974425489	-58.59553819391461	629349
-0.5500656147953734	-56.76442762535478	630373
-0.5638172551652577	-56.76442762535478	631396
-0.577568895535142	-56.76442762535478	632419
-0.577568895535142	-56.76442762535478	633443
-0.5638172551652577	-58.59553819391461	634466
-0.536313974425489	-56.76442762535478	635489
-0.5225623340556048	-56.76442762535478	636513
-0.4950590533158361	-56.76442762535478	637536
-0.45380413220618304	-58.59553819391461	638559
-0.4400524918362987	-58.59553819391461	639583
-0.4263008514664144	-58.59553819391461	640606
-0.3987975707266457	-58.59553819391461	641629
-0.3850459303567614	-56.76442762535478	642653
-0.3987975707266457	-58.59553819391461	643676
-0.4263008514664144	-58.59553819391461	644699
-0.4400524918362987	-58.59553819391461	645723
-0.48130741294595175	-58.59553819391461	646746
-0.4950590533158361	-58.59553819391461	647769
-0.536313974425489	-58.59553819391461	648793
-0.5500656147953734	-56.76442762535478	649816
-0.5638172551652577	-58.59553819391461	650839
-0.577568895535142	-58.59553819391461	651863
-0.577568895535142	-58.59553819391461	652886
-0.577568895535142	-56.76442762535478	653909
-0.5500656147953734	-56.76442762535478	654933
-0.5225623340556048	-56.76442762535478	655956
-0.4950590533158361	-58.59553819391461	656979
-0.45380413220618304	-56.76442762535478	658003
-0.4263008514664144	-56.76442762535478	659026
-0.41254921109653003	-56.76442762535478	660049
-0.3987975707266457	-56.76442762535478	661073
-0.3850459303567614	-56.76442762535478	662096
-0.3850459303567614	-58.59553819391461	663119
-0.3987975707266457	-58.59553819391461	664143
-0.4400524918362987	-58.59553819391461	665166
-0.4675557725760674	-58.59553819391461	666189
-0.48130741294595175	-56.76442762535478	667213
-0.5225623340556048	-56.76442762535478	668236
-0.536313974425489	-56.76442762535478	669259
-0.5500656147953734	-58.59553819391461	670283
-0.577568895535142	-58.59553819391461	671306
-0.577568895535142	-56.76442762535478	672329
-0.577568895535142	-58.59553819391461	673353
-0.5638172551652577	-58.59553819391461	674376
-0.5225623340556048	-58.59553819391461	675399
-0.5088106936857203	-56.76442762535478	676423
-0.4675557725760674	-56.76442762535478	677446
-0.4263008514664144	-56.76442762535478	678469
-0.41254921109653003	-56.76442762535478	679493
-0.3987975707266457	-56.76442762535478	680516
-0.3850459303567614	-56.76442762535478	681539
-0.3850459303567614	-58.59553819391461	682563
-0.3987975707266457	-56.76442762535478	683586
-0.4263008514664144	-58.59553819391461	684609
-0.45380413220618304	-58.59553819391461	685633
-0.48130741294595175	-58.59553819391461	686656
-0.5225623340556048	-58.59553819391461	687679
-0.536313974425489	-58.59553819391461	688703
-0.5500656147953734	-58.59553819391461	689726
-0.5913205359050264	-58.59553819391461	690749
-0.5913205359050264	-58.59553819391461	691773
-0.577568895535142	-58.59553819391461	692796
-0.5638172551652577	-56.76442762535478	693819
-0.536313974425489	-58.59553819391461	694843
-0.5088106936857203	-58.59553819391461	695866
-0.4675557725760674	-56.76442762535478	696889
-0.4400524918362987	-58.59553819391461	697913
-0.4263008514664144	-58.59553819391461	698936
-0.41254921109653003	-58.59553819391461	699959
-0.3987975707266457	-56.76442762535478	700983
-0.3987975707266457	-56.76442762535478	702006
-0.41254921109653003	-56.76442762535478	703029
-0.41254921109653003	-58.59553819391461	704053
-0.45380413220618304	-58.59553819391461	705076
-0.48130741294595175	-58.59553819391461	706099
-0.5088106936857203	-58.59553819391461	707123
-0.5500656147953734	-58.59553819391461	708146
-0.536313974425489	-58.59553819391461	709169
-0.5638172551652577	-56.76442762535478	710193
-0.577568895535142	-56.76442762535478	711216
-0.577568895535142	-56.76442762535478	712239
-0.577568895535142	-56.76442762535478	713263
-0.5500656147953734	-56.76442762535478	714286
-0.5088106936857203	-56.76442762535478	715309
-0.48130741294595175	-56.76442762535478	716333
-0.45380413220618304	-58.59553819391461	717356
-0.4263008514664144	-58.59553819391461	718379
-0.4263008514664144	-56.76442762535478	719403
-0.3987975707266457	-56.76442762535478	720426
-0.3850459303567614	-58.59553819391461	721449
-0.3850459303567614	-58.59553819391461	722473
-0.41254921109653003	-58.59553819391461	723496
-0.4400524918362987	-56.76442762535478	724519
-0.4675557725760674	-56.76442762535478	725543
-0.5088106936857203	-56.76442762535478	726566
-0.536313974425489	-58.59553819391461	727589
-0.5500656147953734	-58.59553819391461	728613
-0.577568895535142	-58.59553819391461	729636
-0.577568895535142	-58.59553819391461	730659
-0.5913205359050264	-56.76442762535478	731683
-0.5638172551652577	-56.76442762535478	732706
-0.5500656147953734	-58.59553819391461	733729
-0.5225623340556048	-56.76442762535478	734753
-0.5088106936857203	-58.59553819391461	735776
-0.4675557725760674	-58.59553819391461	736799
-0.4263008514664144	-58.59553819391461	737823
-0.41254921109653003	-58.59553819391461	738846
-0.3987975707266457	-58.59553819391461	739869
-0.3850459303567614	-56.76442762535478	740893
-0.3987975707266457	-58.59553819391461	741916
-0.3987975707266457	-56.76442762535478	742939
-0.4400524918362987	-58.59553819391461	743963
-0.4675557725760674	-58.59553819391461	744986
-0.4950590533158361	-58.59553819391461	746009
-0.536313974425489	-58.59553819391461	747033
-0.5500656147953734	-56.76442762535478	748056
-0.5638172551652577	-56.76442762535478	749079
-0.5913205359050264	-58.59553819391461	750103
-0.5913205359050264	-58.59553819391461	751126
-0.577568895535142	-58.59553819391461	752149
-0.5638172551652577	-58.59553819391461	753173
-0.536313974425489	-58.59553819391461	754196
-0.4950590533158361	-56.76442762535478	755219
-0.4675557725760674	-56.76442762535478	756243
-0.4400524918362987	-56.76442762535478	757266
-0.4263008514664144	-58.59553819391461	758289
-0.3987975707266457	-58.59553819391461	759313
-0.3987975707266457	-58.59553819391461	760336
-0.3850459303567614	-58.59553819391461	761359
-0.41254921109653003	-56.76442762535478	762383
-0.4263008514664144	-56.76442762535478	763406
-0.4675557725760674	-56.76442762535478	764429
-0.4950590533158361	-56.76442762535478	765453
-0.536313974425489	-56.76442762535478	766476
-0.536313974425489	-56.76442762535478	767499
-0.5638172551652577	-56.76442762535478	768523
-0.577568895535142	-56.76442762535478	769546
-0.5913205359050264	-58.59553819391461	770569
-0.577568895535142	-58.59553819391461	771593
-0.5638172551652577	-56.76442762535478	772616
-0.536313974425489	-56.76442762535478	773639
-0.5088106936857203	-56.76442762535478	774663
-0.48130741294595175	-56.76442762535478	775686
-0.4400524918362987	-56.76442762535478	776709
-0.4263008514664144	-56.76442762535478	777733
-0.41254921109653003	-56.76442762535478	778756
-0.3850459303567614	-56.76442762535478	779779
-0.3850459303567614	-56.76442762535478	780803
-0.3850459303567614	-56.76442762535478	781826
-0.41254921109653003	-56.76442762535478	782849
-0.4400524918362987	-56.76442762535478	783873
-0.4675557725760674	-58.59553819391461	784896
-0.5088106936857203	-58.59553819391461	785919
-0.536313974425489	-56.76442762535478	786943
-0.5500656147953734	-58.59553819391461	787966
-0.577568895535142	-58.59553819391461	788989
-0.5913205359050264	-56.76442762535478	790013
-0.577568895535142	-56.76442762535478	791036
-0.5638172551652577	-56.76442762535478	792059
-0.536313974425489	-56.76442762535478	793083
-0.5088106936857203	-58.59553819391461	794106
-0.48130741294595175	-58.59553819391461	795129
-0.4400524918362987	-58.59553819391461	796153
-0.4263008514664144	-58.59553819391461	797176
-0.41254921109653003	-58.59553819391461	798199
-0.3987975707266457	-58.59553819391461	799223
-0.3850459303567614	-56.76442762535478	800246
-0.3987975707266457	-56.76442762535478	801269
-0.41254921109653003	-58.59553819391461	802293
-0.4400524918362987	-58.59553819391461	803316
-0.4675557725760674	-58.59553819391461	804339
-0.5088106936857203	-58.59553819391461	805363
-0.536313974425489	-58.59553819391461	806386
-0.5500656147953734	-56.76442762535478	807409
-0.5638172551652577	-58.59553819391461	808433
-0.5913205359050264	-56.76442762535478	809456
-0.577568895535142	-56.76442762535478	810479
-0.577568895535142	-58.59553819391461	811503
-0.5500656147953734	-56.76442762535478	812526
-0.5225623340556048	-56.76442762535478	813549
-0.4950590533158361	-56.76442762535478	814573
-0.45380413220618304	-58.59553819391461	815596
-0.4263008514664144	-58.59553819391461	816619
-0.41254921109653003	-56.76442762535478	817643
-0.3987975707266457	-56.76442762535478	818666
-0.3850459303567614	-56.76442762535478	819689
-0.3987975707266457	-58.59553819391461	820713
-0.41254921109653003	-58.59553819391461	821736
-0.4400524918362987	-56.76442762535478	822759
-0.4675557725760674	-56.76442762535478	823783
-0.4950590533158361	-56.76442762535478	824806
-0.536313974425489	-56.76442762535478	825829
-0.536313974425489	-56.76442762535478	826853
-0.5638172551652577	-58.59553819391461	827876
-0.5913205359050264	-58.59553819391461	828899
-0.5913205359050264	-56.76442762535478	829923
-0.5638172551652577	-56.76442762535478	830946
-0.5500656147953734	-58.59553819391461	831969
-0.5225623340556048	-56.76442762535478	832993
-0.4950590533158361	-56.76442762535478	834016
-0.4675557725760674	-58.59553819391461	835039
-0.4400524918362987	-56.76442762535478	836063
-0.4263008514664144	-56.76442762535478	837086
-0.41254921109653003	-58.59553819391461	838109
-0.3850459303567614	-58.59553819391461	839133
-0.3850459303567614	-58.59553819391461	840156
-0.3987975707266457	-58.59553819391461	841179
-0.4263008514664144	-56.76442762535478	842203
-0.4675557725760674	-58.59553819391461	843226
-0.4950590533158361	-56.76442762535478	844249
-0.5225623340556048	-56.76442762535478	845273
-0.536313974425489	-56.76442762535478	846296
-0.5638172551652577	-58.59553819391461	847319
-0.577568895535142	-58.59553819391461	848343
-0.5913205359050264	-56.76442762535478	849366
-0.577568895535142	-56.76442762535478	850389
-0.5638172551652577	-56.76442762535478	851413
-0.536313974425489	-56.76442762535478	852436
-0.5088106936857203	-58.59553819391461	853459
-0.4675557725760674	-58.59553819391461	854483
-0.4400524918362987	-56.76442762535478	855506
-0.4263008514664144	-58.59553819391461	856529
-0.3987975707266457	-58.59553819391461	857553
-0.3850459303567614	-58.59553819391461	858576
-0.3850459303567614	-56.76442762535478	859599
-0.3987975707266457	-56.76442762535478	860623
-0.41254921109653003	-58.59553819391461	861646
-0.45380413220618304	-58.59553819391461	862669
-0.48130741294595175	-58.59553819391461	863693
-0.5225623340556048	-58.59553819391461	864716
-0.5500656147953734	-56.76442762535478	865739
-0.5500656147953734	-56.76442762535478	866763
-0.577568895535142	-56.76442762535478	867786
-0.5913205359050264	-54.93331705679494	868809
-0.577568895535142	-56.76442762535478	869833
-0.577568895535142	-58.59553819391461	870856
-0.5500656147953734	-60.426648762474436	871879
-0.5088106936857203	-58.59553819391461	872903
-0.48130741294595175	-58.59553819391461	873926
-0.4400524918362987	-56.76442762535478	874949
-0.4263008514664144	-58.59553819391461	875973
-0.3987975707266457	-58.59553819391461	876996
-0.3850459303567614	-58.59553819391461	878019
-0.3850459303567614	-58.59553819391461	879043
-0.3987975707266457	-58.59553819391461	880066
-0.41254921109653003	-58.59553819391461	881089
-0.4400524918362987	-56.76442762535478	882113
-0.4675557725760674	-56.76442762535478	883136
-0.5088106936857203	-58.59553819391461	884159
-0.536313974425489	-56.76442762535478	885183
-0.5500656147953734	-56.76442762535478	886206
-0.5638172551652577	-56.76442762535478	887229
-0.577568895535142	-56.76442762535478	888253
-0.577568895535142	-56.76442762535478	889276
-0.5638172551652577	-58.59553819391461	890299
-0.536313974425489	-58.59553819391461	891323
-0.5088106936857203	-58.59553819391461	892346
-0.48130741294595175	-58.59553819391461	893369
-0.4400524918362987	-56.76442762535478	894393
-0.4263008514664144	-56.76442762535478	895416
-0.41254921109653003	-56.76442762535478	896439
-0.3987975707266457	-56.76442762535478	897463
-0.3850459303567614	-56.76442762535478	898486
-0.3987975707266457	-58.59553819391461	899509
-0.41254921109653003	-58.59553819391461	900533
-0.4400524918362987	-58.59553819391461	901556
-0.4675557725760674	-56.76442762535478	902579
-0.4950590533158361	-56.76442762535478	903603
-0.5225623340556048	-56.76442762535478	904626
-0.536313974425489	-56.76442762535478	905649
-0.5638172551652577	-56.76442762535478	906673
-0.577568895535142	-56.76442762535478	907696
-0.577568895535142	-56.76442762535478	908719
-0.577568895535142	-56.76442762535478	909743
-0.5500656147953734	-56.76442762535478	910766
-0.5088106936857203	-56.76442762535478	911789
-0.4950590533158361	-56.76442762535478	912813
-0.4675557725760674	-56.76442762535478	913836
-0.4400524918362987	-56.76442762535478	914859
-0.4263008514664144	-56.76442762535478	915883
-0.3987975707266457	-56.76442762535478	916906
-0.3850459303567614	-56.76442762535478	917929
-0.3850459303567614	-56.76442762535478	918953
-0.41254921109653003	-56.76442762535478	919976
